-2071.76 784.024 8082.34
1241.04 -822.323 -16719.7
-2270.41 2760.59 19977.6
-148.018 -522.796 8206.26
-987.249 -1840.99 12976.4
-2371.9 2422.48 17916.7
-2413.21 -192.125 4446.55
-548.014 4247.51 -17086.9
-2497.52 -470.41 18177.1
-817.577 3285.57 6305.89
-2071.76 784.024 8082.34
1241.04 -822.323 -16719.7
-2270.41 2760.59 19977.6
-148.018 -522.796 8206.26
-987.249 -1840.99 12976.4
-2371.9 2422.48 17916.7
-2413.21 -192.125 4446.55
-548.014 4247.51 -17086.9
-2497.52 -470.41 18177.1
-817.577 3285.57 6305.89
-2071.76 784.024 8082.34
1241.04 -822.323 -16719.7
-2270.41 2760.59 19977.6
-148.018 -522.796 8206.26
-987.249 -1840.99 12976.4
-2371.9 2422.48 17916.7
-2413.21 -192.125 4446.55
-548.014 4247.51 -17086.9
-2497.52 -470.41 18177.1
-817.577 3285.57 6305.89
-2071.76 784.024 8082.34
-68.5774 -3457.44 11416.6
-2071.76 784.024 8082.34
-68.5774 -3457.44 11416.6
-2071.76 784.024 8082.34
-2071.76 784.024 8082.34
1241.04 -822.323 -16719.7
-2270.41 2760.59 19977.6
-148.018 -522.796 8206.26
-987.249 -1840.99 12976.4
-2371.9 2422.48 17916.7
-2413.21 -192.125 4446.55
-548.014 4247.51 -17086.9
-2497.52 -470.41 18177.1
-817.577 3285.57 6305.89
-2071.76 784.024 8082.34
-2986.04 3533.78 -15935.6
-1486.44 -2302.54 16917.1
2832.16 3662.81 -15112.6
-885.562 -2533.3 -5796.13
0.249139 649.901 9092.48
320.082 1855.38 -1401.68
-1535.65 3808.02 11589.6
-2550.52 3523.47 3739.44
2495.41 -2752.44 -2210.91
-2071.76 784.024 8082.34
-2071.76 784.024 8082.34
-2071.76 784.024 8082.34
1241.04 -822.323 -16719.7
-2270.41 2760.59 19977.6
-148.018 -522.796 8206.26
-987.249 -1840.99 12976.4
-2371.9 2422.48 17916.7
-2413.21 -192.125 4446.55
-548.014 4247.51 -17086.9
-2497.52 -470.41 18177.1
-817.577 3285.57 6305.89
-2071.76 784.024 8082.34
1241.04 -822.323 -16719.7
-2270.41 2760.59 19977.6
-148.018 -522.796 8206.26
-987.249 -1840.99 12976.4
-2371.9 2422.48 17916.7
-2413.21 -192.125 4446.55
-548.014 4247.51 -17086.9
-2497.52 -470.41 18177.1
-817.577 3285.57 6305.89
-2071.76 784.024 8082.34
1241.04 -822.323 -16719.7
-2270.41 2760.59 19977.6
-148.018 -522.796 8206.26
-987.249 -1840.99 12976.4
-2371.9 2422.48 17916.7
-2413.21 -192.125 4446.55
-548.014 4247.51 -17086.9
-2497.52 -470.41 18177.1
-817.577 3285.57 6305.89
-2071.76 784.024 8082.34
1572.03 -1418 -6589.77
889.209 -3254.5 5828.37
1572.03 -1418 -6589.77
889.209 -3254.5 5828.37
1572.03 -1418 -6589.77
1572.03 -1418 -6589.77
1572.03 -1418 -6589.77
1572.03 -1418 -6589.77
1572.03 -1418 -6589.77
