15.7582
14.1031
14.1107
15.7499
16.1994
16.193
10.5425
15.7559
14.103
15.7642
4.9813
14.0981
15.7509
15.7523
2.25552
15.7543
11.6946
14.1007
12.8015
14.1014
4.01456
14.1071
4.9795
13.3031
15.7573
14.107
16.1903
10.5369
16.1993
15.7598
10.6914
15.7613
16.2053
13.2941
13.9726
14.1074
14.1106
13.9766
4.01868
2.25564
16.1898
13.9727
13.2961
15.7492
16.1921
16.191
15.7554
15.7482
13.9855
16.1894
13.2995
12.3763
14.1092
14.1058
11.7042
16.2043
12.3708
11.0233
12.8057
16.1915
14.6531
14.1081
14.1097
13.9848
14.1057
15.7487
4.01628
11.6953
10.5395
14.1097
13.2922
15.7496
15.7499
14.1051
14.1084
14.1107
12.3743
13.9776
14.655
14.1093
15.751
14.1005
14.1094
14.0986
4.01832
16.2004
15.7617
15.751
14.1056
15.7523
16.1981
10.5361
13.3019
4.01463
16.1988
12.8125
16.2009
14.1096
13.292
13.7231
14.1023
16.1877
14.1063
14.1043
12.3661
14.1061
13.7271
15.7534
2.25786
14.1077
13.9728
13.9792
10.5424
14.1047
14.1074
16.2052
15.7487
13.7244
14.1004
15.7526
14.6528
14.642
14.1092
11.6936
13.7239
14.0999
14.1061
14.1112
14.0996
15.7558
14.1032
16.1889
15.7624
12.3657
14.1055
14.1069
13.2976
14.1072
15.754
16.1921
13.2993
15.7538
14.1092
16.2043
4.01592
14.1033
16.1996
16.2011
14.6472
12.8049
14.1072
13.9845
14.1032
14.0982
14.1064
13.7197
15.752
15.7585
14.1063
14.6437
15.756
2.25572
14.9677
10.6986
16.1962
13.304
14.1063
14.0999
13.2996
13.293
15.7602
14.1015
13.9803
16.1973
4.01798
11.693
15.7499
13.9725
16.1962
2.25823
15.7479
11.6965
