0.0144863
0.0212541
0.0317814
0.0396646
0.0400287
0.0401957
0.0404993
0.0427443
0.044816
0.0468058
0.047867
0.0482959
0.0525567
0.0580899
0.059887
0.0613427
0.0616144
0.0625635
0.0658995
0.068164
0.0751055
0.0929325
0.0955262
0.10056
0.109088
0.12756
0.129221
0.13252
0.133297
0.162238
0.173077
0.198071
0.202694
0.244946
0.263246
0.285262
0.311104
0.345526
0.400524
0.414735
0.442824
0.471287
0.478461
0.584883
0.710829
0.932048
0.969447
0.973811
0.979932
1.0189
1.0234
1.06706
1.1016
1.10588
1.13637
1.14112
1.1702
1.18628
1.27781
1.37179
1.38829
1.48371
1.49535
1.57106
1.64193
1.6957
1.80509
2.02473
2.14501
2.21793
2.37945
2.51445
2.60689
2.63096
2.82543
2.87388
2.93824
3.33246
3.38391
3.39403
3.88133
3.95475
3.96182
4.33636
4.67234
4.68161
4.76232
4.88228
5.18255
5.25425
5.427
5.5462
5.60191
5.6301
5.80192
5.95767
6.16819
6.27483
6.55102
8.45955
