0.00000000 0.39449193
0.00003080 0.39542813
0.00006260 0.39639261
0.00009530 0.39738728
0.00012910 0.39841194
0.00016390 0.39946921
0.00019980 0.40055833
0.00023680 0.40168124
0.00027490 0.40283864
0.00031420 0.40403138
0.00035470 0.40526112
0.00039640 0.40652915
0.00043950 0.40783869
0.00048390 0.40918224
0.00052960 0.41057409
0.00057670 0.41200524
0.00062530 0.41348062
0.00067540 0.41500022
0.00072710 0.41657038
0.00078030 0.41818527
0.00083520 0.41985235
0.00089180 0.42157012
0.00095010 0.42333876
0.00101020 0.42516410
0.00107210 0.42704746
0.00113600 0.42898570
0.00120180 0.43098493
0.00126970 0.43304578
0.00133970 0.43517017
0.00141180 0.43735949
0.00148610 0.43961828
0.00156270 0.44194367
0.00164170 0.44434248
0.00172320 0.44681503
0.00180710 0.44936365
0.00189360 0.45199137
0.00198280 0.45469916
0.00207470 0.45749089
0.00216950 0.46036947
0.00226720 0.46333512
0.00236790 0.46639201
0.00247170 0.46954643
0.00257870 0.47279351
0.00268900 0.47614274
0.00280270 0.47959529
0.00292000 0.48315518
0.00304080 0.48682425
0.00316530 0.49060738
0.00329370 0.49450414
0.00342610 0.49852558
0.00356250 0.50268785
0.00370310 0.50779912
0.00384810 0.51306538
0.00399750 0.51849235
0.00415150 0.52409085
0.00431030 0.52985810
0.00447400 0.53580469
0.00464270 0.54193609
0.00481670 0.54825514
0.00499590 0.55476905
0.00518080 0.56148563
0.00537130 0.56840527
0.00556760 0.57553956
0.00577010 0.58304076
0.00597870 0.59622577
0.00619390 0.60981864
0.00641560 0.62382782
0.00664420 0.63827091
0.00687980 0.65315812
0.00712260 0.66850414
0.00737300 0.68432631
0.00763110 0.70062862
0.00789710 0.71744198
0.00817140 0.73477005
0.00845400 0.75262962
0.00874540 0.77187263
0.00904583 0.79712664
0.00935547 0.82316094
0.00967465 0.84999588
0.01000367 0.87765504
0.01034284 0.90616920
0.01069246 0.93556788
0.01105285 0.97428610
0.01142435 1.02768651
0.01180731 1.08273649
0.01220206 1.13948577
0.01260899 1.23044329
0.01302846 1.35081718
0.01346085 1.42307523
0.01390658 1.48339864
0.01436604 1.54523860
0.01483966 1.60863645
0.01532789 1.67366721
0.01583116 1.74758450
0.01634994 1.82398750
0.01688472 1.90296941
0.01743597 1.98461468
0.01800422 2.05210004
0.01858999 2.11844111
0.01919380 2.13506649
0.01981623 2.04792450
0.02045785 2.00719478
0.02111924 1.84881560
0.02180102 1.66697658
0.02250381 2.10759406
0.02322826 5.23914156
0.02397505 7.11728343
0.02474485 8.70848087
0.02553838 8.75192645
0.02635636 8.59935481
0.02719956 7.93498941
0.02806875 7.34250866
0.02896473 6.59432820
0.02988830 5.98246167
0.03084040 5.47249351
0.03182180 4.91268484
0.03283350 4.55823190
0.03387630 3.99921847
0.03495130 3.69060264
0.03605940 3.52144888
0.03720170 3.43302822
0.03837920 3.38561659
0.03959300 3.38928857
0.04084410 3.46291839
0.04213390 3.60647986
0.04346340 3.78302144
0.04483390 3.97253721
0.04624660 4.16451247
0.04770290 4.30673447
0.04920410 4.26474711
0.05075150 4.22745845
0.05234660 4.23374746
0.05399090 4.25034519
0.05568590 4.26449524
0.05743310 4.32277179
0.05923420 4.39137166
0.06109080 4.45520916
0.06300460 4.52321177
0.06497740 4.60096302
0.06701100 4.69116726
0.06910730 4.62281597
0.07126820 4.40442089
0.07349570 4.28302820
0.07579180 4.24466159
0.07815880 4.19651913
0.08059870 4.15422385
0.08311380 4.11384474
0.08570640 4.07463613
0.08837890 4.03513772
0.09113390 3.97634730
0.09397370 3.90203960
0.09690100 3.84294993
0.09991860 3.78808885
0.10302920 3.74220452
0.10623570 3.69140866
0.10954100 3.60327517
0.11294820 3.51273156
0.11646040 3.43190030
0.12008100 3.37741037
0.12381300 3.32388255
0.12766000 3.25755748
0.13162600 3.17177841
0.13571400 3.08846194
0.13992700 3.01591823
0.14427100 2.94283315
0.14874900 2.86699433
0.15336500 2.79297105
0.15812300 2.72147778
0.16302700 2.62957541
0.16808300 2.56810284
0.17329500 2.50799948
0.17866700 2.42749336
0.18420500 2.35781436
0.18991300 2.30497784
0.19579800 2.24250008
0.20186300 2.17934825
0.20811600 2.12722365
0.21456200 2.07494402
0.22120600 2.03405206
0.22805500 2.01675274
0.23511500 1.99888823
0.24239300 1.98046283
0.24989500 1.96144701
0.25762800 1.94181641
0.26560000 1.92156035
0.27381700 1.90064515
0.28228800 1.87907293
0.29102000 1.85678390
0.30002100 1.83771713
0.30929900 1.81963937
0.31886300 1.80128816
0.32872200 1.78278220
0.33888500 1.76360124
0.34936100 1.74385643
0.36016000 1.72336617
0.37129200 1.70206666
0.38276800 1.68009289
0.39459600 1.65743218
0.40679000 1.63033494
0.41935900 1.58568644
0.43231600 1.54174870
0.44567200 1.49771128
0.45943900 1.45229603
0.47363100 1.40707644
0.48826100 1.36340421
0.50334100 1.34432381
0.51888600 1.33123974
0.53491100 1.31776894
0.55142900 1.30405743
0.56845600 1.28990721
0.58600900 1.27531664
0.60410200 1.26039505
0.62275300 1.24576612
0.64197900 1.23068852
0.66179700 1.21515212
0.68222600 1.19911196
0.70328500 1.18281142
0.72499300 1.16763675
0.74737100 1.15315705
0.77043800 1.13820499
0.79421500 1.12276259
0.81872600 1.10678351
0.84399200 1.09036992
0.87003800 1.07348778
0.89688500 1.05610706
0.92456100 1.03871928
0.95308900 1.02137537
0.98249700 1.00350181
1.01281100 0.98503816
1.04406000 0.96903594
1.07627000 0.95411262
1.10948000 0.93941303
1.14370000 0.92445972
1.17899000 0.90906846
1.21536000 0.89294145
1.25285000 0.87561027
1.29150000 0.85662086
1.33133000 0.83680802
1.37240000 0.81627235
1.41473000 0.79678554
1.45837000 0.78191875
1.50335000 0.76768158
1.54972000 0.75297583
1.59752000 0.73780113
1.64679000 0.72204403
1.69758000 0.70540859
1.74993000 0.68830707
1.80390000 0.67048573
1.85953000 0.65166455
1.91688000 0.63332758
1.97599000 0.61366845
2.03693000 0.59317716
2.09975000 0.57343257
2.16450000 0.55329954
2.23124000 0.53481524
2.30005000 0.51755320
2.37097000 0.49964007
2.44408000 0.48118867
2.51945000 0.46256273
2.59713000 0.44500016
2.67722000 0.42731470
2.75977000 0.40797149
2.84486000 0.38531620
2.93258000 0.36786446
3.02300000 0.35531364
3.11621000 0.33867890
3.21229000 0.31848803
3.31133000 0.29977903
3.41343000 0.28650329
3.51867000 0.27386789
3.62716000 0.26127994
3.73899000 0.24816980
3.85426000 0.23481726
3.97309000 0.22188148
4.09559000 0.21002728
4.22185000 0.19814676
4.35201000 0.18772915
4.48619000 0.17897045
4.62449000 0.16999308
4.76706000 0.15947049
4.91403000 0.14860737
5.06552000 0.13878144
5.22169000 0.12992767
5.38267000 0.12093875
5.54861000 0.11291475
5.71966000 0.10494337
5.89599000 0.09679617
6.07775000 0.08913581
6.26511000 0.08273731
6.45825000 0.07739120
6.65735000 0.07171031
6.86257000 0.06494632
7.07413000 0.05802075
7.29220000 0.05029392
7.51700000 0.04409158
7.74873000 0.03794876
7.98760000 0.03165783
8.23383000 0.02698160
8.48765000 0.02261082
8.74929000 0.00569678
